[
  [
    [ 
      0.4648819   0.43680054  0.39125604
    ],
    [ 
      0.43680054  0.43927902  0.42124367
    ],
    [ 
      0.39125604  0.42124367  0.44856466
    ],
  ],
  [
    [ 
      0.4648819   0.43680054  0.39125604 
    ],
    [ 
      0.43680054  0.43927902  0.42124367
    ],
    [ 
      0.39125604  0.42124367  0.44856466
    ],
  ],
  [
    [ 
      0.4648819   0.43680054  0.39125604
    ],
    [ 
      0.43680054  0.43927902  0.42124367
    ],
    [ 
      0.39125604  0.42124367  0.44856466
    ],
  ],
  
]